image: best_map.pgm
resolution: 0.075000
origin: [-24.037504, -48.037506, 0.000000]
negate: 0
occupied_thresh: 0.65
free_thresh: 0.196

